-1.4488833
-0.79036444
-0.93605536
-1.3924868
-1.1912568
0.107955255
-0.28787968
-0.5149037
0.46712568
0.1576641
0.748081
-0.5927245
-0.6415388
0.78436786
-0.8112156
0.4876831
-1.5453403
-0.12380048
-1.2205198
-0.347275
-0.46173403
-1.0313165
-1.149966
-1.8043458
0.078107156
0.7490433
0.8201583
0.4599283
-0.26444742
-1.0710356
0.8503364
-0.6517779
-0.32750198
-0.23184223
0.53285724
0.21960382
-0.38511106
0.03624753
-2.051081
-0.7661583
-1.6423519
-1.6191847
-0.38356325
-0.70293826
0.6140016
-1.0424435
-0.67260665
0.58993083
0.840504
-2.5626729
-0.8402869
-0.60302037
-1.5545156
-1.576978
-3.439626
-1.1791432
-1.9263198
-0.914725
0.37448147
-1.9874837
-0.9508979
-0.16762514
0.7231243
0.020660678
-3.2576544
-0.91328305
-0.67060107
-2.516599
-1.1144888
-1.4982212
-1.5845549
-1.661628
-0.969794
1.3499286
-2.9300034
-1.1251891
-2.0651338
0.848358
-1.5832403
-2.8089602
-0.60312
-0.26724216
0.4669955
-1.5216892
-1.4467351
-1.1920712
-1.2859051
-2.2481425
-2.2291481
-1.5640662
-1.2623355
-2.6559699
-2.2169592
-2.0013325
-0.40879366
-0.9516999
-0.069375716
-2.7166092
-2.450472
0.5117634
-0.36198637
0.87742835
-1.0205109
-0.7055327
-1.1430852
-0.78604907
-2.0928357
-1.8913944
-0.8017532
-2.1651094
0.98864347
-0.038977347
0.046642102
1.6728547
-1.363374
-0.50500363
-0.52228564
-1.0276554
-1.2560194
0.57461435
-0.5351655
-1.073106
-0.35963508
-0.22270794
-0.95811003
0.4604948
-0.5268523
0.4469588
-1.0093243
-0.17838927
-0.8595659
-0.48686144
-1.6463344
-1.1544478
-0.88127106
-0.360316
-0.76822346
0.18703441
-0.73277825
-0.26461765
0.94643146
-0.7821881
-0.44185373
-1.7314985
-2.2223246
-1.1272233
0.63745004
-0.10335895
-0.043628417
-0.68558806
-1.9454772
-0.3177006
-1.0878069
-1.0082762
0.2586091
0.38225392
-1.923764
-1.604068
-1.7823327
-0.86941165
-1.3940284
-2.4280188
-0.0042125797
0.32489613
-1.1522582
-0.1274044
0.5816725
0.12867574
-1.030999
-0.4092352
-0.32698318
0.89162666
-1.4044502
0.040424623
-0.88855475
-1.6828568
-1.0399907
-1.968879
-0.2775919
-0.6299607
0.5510791
-0.791403
-2.1946242
-0.44759294
-0.75210637
1.7316625
-1.8565247
-0.43313143
-0.33139107
0.049549855
-1.4991038
-1.1254709
-0.43779394
-1.0515163
0.22342567
-0.53542584
-1.0213282
-0.45118734
0.3062599
0.08489493
1.4213984
-2.4849894
-0.2250125
-2.2176955
0.6993926
0.19509296
-0.24212141
-0.246906
0.19292621
0.7760523
-2.422743
-1.78249
-0.80524606
-0.97476166
-1.0597785
-0.5773217
-1.1474683
-0.719979
-0.42295524
-0.86900586
-2.2779992
-1.0346191
0.48821095
0.78719217
-1.2552855
-0.3765833
-1.9721444
-0.103720866
-1.1018264
-1.4176619
-1.1457155
-1.1968801
-1.7345922
-2.092655
-2.551284
-2.2670863
-1.8202832
-0.9979245
-0.57063216
0.42374495
0.07219008
-0.07733079
-0.30780718
0.10796241
-0.023893079
2.9413805
1.248543
-0.41000387
2.1467264
0.10287408
0.036946572
0.44730166
0.008051195
-0.14413519
0.35283926
0.8745721
-1.2474825
1.0991528
-0.8252918
1.122071
1.5841811
-0.7745845
1.925313
0.8801287
0.01343564
0.5068286
0.7341221
1.3025248
-1.5223324
-0.010844431
-1.7448223
-0.14536257
0.116568364
-1.6262915
-0.2182848
-1.6877615
0.059942044
0.6232427
-0.23897143
-0.81567496
-2.870643
-2.232715
-0.32468578
-2.0486195
-1.9850438
-1.3935096
-0.39714453
-1.2128937
2.6805975
0.51554614
1.807874
2.8685813
2.666634
2.227503
2.3010628
2.5953062
2.2314966
3.8588939
1.4763753
1.4422543
2.7642372
5.6611023
2.4762394
6.495827
2.2115061
2.8344285
3.2426417
2.2946076
3.1164227
1.5479176
2.4896343
1.6179507
4.611515
2.6197271
0.51828605
2.613744
1.6402771
2.606317
2.757092
4.1069703
2.5985227
4.3782005
2.234862
1.5027101
1.4944694
1.311301
2.140902
2.7120605
1.973557
3.477815
2.8202918
4.1193686
4.042181
4.5319147
3.2765853
3.002129
4.08348
2.4134052
1.055486
0.92476064
3.246825
2.805668
1.8193223
2.6270866
4.291541
3.6860437
2.5104225
2.3101764
3.5763433
1.7899873
2.2879884
1.4321439
3.7710009
3.1238482
1.3572085
1.9244442
4.2816114
0.89270526
2.4702923
4.2050486
1.3953855
2.3665562
3.0106688
2.6215622
1.4812357
3.2407186
3.5597706
3.8455977
1.8768082
4.253414
2.5958734
2.2305937
3.7548125
1.4016268
2.4923685
1.2020051
2.4868069
2.3734925
3.916542
2.5007703
3.8666162
1.9336123
4.280641
0.9802602
2.2785547
1.8078167
1.7876909
2.3123097
2.7459266
3.0136907
2.9307344
1.5003836
3.4762497
2.01815
1.0490005
-0.42605135
3.0500743
0.8348525
1.6845262
0.52803975
2.29276
1.0827029
4.0463357
1.3807147
1.2967279
0.9304159
2.2482867
1.7185686
2.5582132
2.1563063
0.17915516
1.6698444
2.0968919
1.4567978
2.6533527
1.3201487
1.8009994
-0.5277993
1.4765661
3.7683337
1.9829998
1.6210248
0.5310939
1.3113005
1.8935308
1.6351349
2.3908517
2.87589
1.8519225
2.052962
1.2334292
3.0128465
1.0042098
2.1499372
2.260514
2.4946897
1.806279
1.9890268
3.741342
2.7510774
3.3387415
2.7865188
2.620241
2.6509652
1.5388939
3.2989986
0.8097871
1.6673763
0.99753267
2.15577
1.1650584
1.3877718
1.3059833
2.5051563
0.8829811
1.6742728
3.9803703
2.1041124
2.0957987
1.1256173
0.68915397
1.8742537
2.0222485
0.61911184
5.4655414
0.9518388
1.8945994
2.8539753
2.1162992
1.0061991
0.46075228
2.4762733
5.978584
0.091977395
2.6626475
1.7677753
1.322551
0.938093
2.2410274
2.5580525
1.651499
2.1815615
1.9946854
1.6228793
2.8957117
1.5754373
2.158508
1.9799104
0.47512034
1.9828184
1.2518151
0.87130386
1.2016695
1.298568
1.1826518
0.93278676
0.7706383
-0.27474567
2.0891025
2.1384366
2.3708634
1.9387555
4.8573275
2.5210884
1.8442874
1.2492158
1.9744475
2.6912174
1.4709752
2.9602137
3.1127453
2.3143277
1.463969
1.2930515
1.1554015
0.45238188
2.654923
2.5633883
2.5327947
3.4237723
1.2999451
2.5619628
0.5839794
1.8909593
0.6947859
4.1128283
2.1863894
1.8039033
0.9648035
2.7339354
2.272481
-0.50987023
3.4483922
1.5262625
2.3513582
3.2090433
1.587682
2.1645234
2.167297
2.3013787
3.5984428
1.7330906
1.9645371
1.113344
3.4171448
2.4780877
1.9796724
2.0333667
1.9859316
3.9659073
1.8606262
5.004902
1.4708564
3.8699014
1.8862205
4.208013
0.81348115
3.4216654
2.3343196
1.0546134
2.0913265
0.27775028
1.91663
1.1680458
0.3694208
1.0285676
1.2932522
1.8200259
2.5734847
2.703181
3.6517725
2.0537887
1.584564
4.82983
1.2567608
3.8524454
2.1265402
3.1223843
1.9588377
1.9048893
5.38789
0.19818573
1.9599693
1.7701762
2.054319
0.1330822
1.7264459
2.7881255
2.7815323
1.7680027
2.8279054
1.7980106
2.3444662
2.8993096
1.0945075
1.3979633
1.5921714
1.2118213
3.1120558
3.3258097
6.059909
2.1949537
1.5899618
2.6499138
1.9780946
1.3966653
1.181155
1.8973494
0.68206674
0.07751111
0.89280635
-0.2324154
2.6025763
0.89614993
1.9938371
2.7034554
0.20105533
1.66523
2.0016453
1.3561728
1.9571893
1.3602912
2.8474333
2.241787
2.5985487
1.5667517
2.8042183
3.4356701
1.8999164
3.755587
4.993038
1.7069871
2.5830362
3.2414906
3.878953
3.9045694
3.637857
4.3481874
0.92961293
1.0252464
3.1243017
1.2527602
1.1170156
1.2759326
1.9959087
4.135861
1.5483797
3.864766
1.6801112
1.3376596
-0.3429992
1.9624481
0.58684236
3.542078
1.0648706
2.3867111
2.0940115
1.2453282
1.5528905
-0.09610482
1.5987909
1.0903099
2.0227284
2.6358428
0.58686095
0.5715583
1.2492306
2.5096035
2.007716
2.1573086
3.4834754
2.9042556
1.1246822
1.3293474
3.761334
1.8512657
1.518338
0.76765376
0.48650244
2.1456616
2.921533
2.2646518
1.5556386
2.9310842
1.1366131
1.8246372
0.4315751
2.090641
2.1708775
1.9041376
1.3456185
2.712367
2.3244476
2.3204093
2.3084314
2.5350072
2.8505478
2.0665474
2.2586277
0.72431546
2.5225697
2.366647
0.11752776
3.2387161
1.5951736
1.3689115
2.6452003
1.977551
1.7823441
3.633016
3.3817692
2.8039489
2.3275065
2.355449
3.5857465
1.4846222
2.3240228
1.8644996
1.7410986
2.8604205
1.6948202
1.6373761
0.8607109
0.27519348
0.777108
3.5161822
1.7831042
1.29543
2.9456694
2.6357188
2.3384469
3.5427313
1.4213626
3.7445953
2.2295177
1.1407793
0.8764208
2.8188615
2.8866968
1.8631387
2.1427875
1.3159072
1.0628803
2.1805344
2.5472949
1.6243036
1.9910042
2.9643059
1.1276085
0.9019416
0.49777964
1.9297497
1.1568882
1.2197416
0.6778334
1.4240115
0.9989279
2.6974392
1.3187582
2.5886018
1.4950955
2.6424356
3.483084
5.4487643
5.324577
1.3006899
1.3682873
2.2553432
2.034723
1.0928495
1.9832184
2.4158578
4.898647
2.1325927
1.59391
2.3505964
1.7811234
1.7289546
2.1135406
2.127927
1.5708644
1.573921
3.898135
2.3168638
1.7042782
2.7136588
2.5408764
0.7386964
1.6289842
2.2635553
1.6497457
1.6692526
2.3572042
3.3368206
1.3346903
1.7000802
2.5254471
1.8060315
2.399484
1.9408123
2.6954014
0.67670184
1.2288144
1.7634833
3.8099904
0.49800804
1.1309927
1.7378776
0.44270208
2.6780746
2.2980173
3.276236
1.7529786
1.6126764
1.0966885
1.5013945
1.9881904
1.9229262
-0.19139786
2.3103786
2.2426035
2.7470906
1.9494522
2.352024
1.3449671
1.9305754
2.9136176
4.704397
2.5887432
3.5209208
1.9859974
1.3618672
2.260371
2.1598506
3.2745702
0.78968745
0.7810052
1.4958961
2.580592
1.8942113
0.7373331
1.4867961
2.5297184
2.728627
-1.3291647
1.0013292
1.9732914
2.04678
1.9863312
2.1851635
1.8938737
2.4299169
2.1499789
2.446501
1.6614859
3.6672578
2.2219408
1.8764672
2.5984774
2.3757606
3.0188127
1.4928739
1.3776586
3.5068169
3.0937297
1.2699969
2.020412
2.874782
-0.3388717
0.006807127
1.8239503
1.6382363
2.0674853
3.4074621
1.8934808
1.6169178
-0.1879384
4.0218487
2.239381
1.18245
2.221417
3.4092958
2.9864478
0.61031514
2.2355995
1.3632572
0.8128584
3.4546294
1.3929493
1.8927381
2.6479473
0.84687406
2.1349368
2.745012
2.2151623
2.2445
4.6217117
1.3896115
2.5999932
1.629533
1.8173897
1.644448
1.7022536
1.6954887
2.8567007
3.0364802
2.9766827
2.308914
2.188108
3.2611878
2.2796268
2.4616923
1.7229016
2.3931293
3.853064
2.9194884
2.469856
1.473306
1.5097873
2.597166
2.1599653
2.02863
4.810773
0.94946605
3.344762
4.138559
2.665381
4.79087
1.9934006
1.0723503
0.59412223
3.4622054
1.2401202
3.0483117
1.5437362
2.8633115
1.8427544
1.0277736
3.149039
3.828166
2.7431157
2.0060475
1.3485405
2.257016
1.5541942
0.97415
3.4877553
0.4778116
1.7657244
0.8829697
1.1352313
2.1899672
2.6891959
1.4692185
1.980722
0.828018
1.0210807
1.1427877
1.0861018
1.946815
1.9955542
1.2781198
1.8544638
1.4414494
2.4928284
1.2986639
1.5323713
1.904331
2.3505533
1.3491981
1.4015148
1.7186592
0.72853214
3.6378138
4.6136627
1.6519697
0.53846437
1.3942759
1.2828023
2.0633383
1.9669726
1.4969094
1.5957229
1.1821272
1.4814165
1.555444
1.2806666
0.9043668
2.602278
0.36617067
2.682878
1.6316302
3.7217588
1.0257328
3.586352
1.7735674
1.049989
1.1776469
1.126787
2.1381361
2.696877
1.5910094
1.5066788
3.6719606
3.0330265
1.4237502
3.1318166
1.827898
2.0945928
1.7341559
1.0107939
0.83464366
1.308119
1.2996538
2.1992314
1.6733243
3.1933823
1.5994627
2.4362235
1.8393083
1.7396214
1.5050223
2.643519
1.74808
1.8495538
1.8631644
1.011275
3.205013
1.9444654
0.39017466
1.6453698
1.9929132
1.4786379
1.4083922
0.39490202
0.2633603
2.2476408
1.6821163
2.8733003
1.4577954
1.7549303
0.87089854
2.9353173
2.7339408
1.1356957
1.797962
3.3971927
2.6512105
2.2600567
0.40751675
1.616442
2.5477188
3.199915
1.8964815
2.3524148
2.2648215
1.4597504
2.4705992
2.8066032
2.595001
1.4055822
1.8167679
1.8274009
2.300428
1.071903
3.0479028
1.4391773
2.2041907
1.9819167
2.7818117
1.6346796
3.0664728
1.8845365
2.0962875
1.4363997
2.9274843
1.6224234
1.5543458
1.8677759
1.6126225
1.6787555
2.783096
1.0277865
1.1573694
1.7081125
2.228402
2.7452247
0.785672
1.8637004
1.4364321
0.9999655
1.1549695
1.5427458
2.4843302
2.073814
0.9866956
0.88439065
2.272376
3.149918
3.167359
2.7747471
1.319114
2.0035963
2.8669875
2.1104093
1.4039705
1.3683393
2.7518575
3.136919
1.9100676
1.0924709
0.63314897
1.253504
2.6462364
1.0367167
2.7655206
3.9590373
3.1049109
2.127005
1.3477256
3.164164
3.5190003
1.7201097
3.3008502
2.009229
2.0102363
4.07328
1.2860491
3.8089035
1.5265372
1.5597093
4.196697
2.5272322
1.0945332
1.053047
2.1138117
3.026206
2.9595606
2.4692545
3.5232916
1.5015609
1.8154418
1.0297148
1.6100814
0.7183154
0.73276407
2.5553253
1.1342747
1.7883322
2.6580038
1.5910075
0.43624952
2.8520324
1.9740591
3.6667078
2.6134646
2.943085
3.660183
2.9722693
1.4625957
1.5679014
1.3300178
0.7432826
1.4760988
1.4908159
-0.029085835
2.312324
0.3685253
2.2675922
1.8811114
2.3872075
2.8521235
2.2336428
0.71047145
2.5660393
1.790324
1.2423999
0.119524755
1.5718648
0.677543
0.71567327
2.9497297
2.1618419
1.6415141
2.3137753
1.924478
2.779944
0.53965265
0.18410282
2.8398926
2.539117
1.050895
1.3724692
2.515916
3.4061573
1.8801985
2.6228545
2.2563355
0.21151094
0.50950843
1.0352213
2.1583645
0.97176296
2.5438612
1.2682927
2.0114198
3.262631
0.75859386
1.5711615
0.81220704
2.309798
3.4863863
0.60863096
2.070552
2.2184231
1.2388928
1.8258135
1.968169
0.67505056
1.7643678
1.6778729
1.80667
1.3967535
1.9581618
3.215411
-0.33425876
1.8953714
1.2518098
1.0047162
1.5021932
1.5672567
1.8742089
1.9513977
1.1452582
2.1798813
1.4904072
1.9373481
2.446959
2.4368193
1.5985053
2.4476578
5.415414
2.2161522
2.184381
3.7171743
1.8294444
4.0065193
3.938994
2.2362373
1.8554704
2.8938687
1.9128797
3.1974313
4.9348507
2.1325433
1.2473238
1.7518241
1.9538693
1.3949788
1.6069505
1.3677447
1.7712829
0.51707965
0.65796405
1.3015139
2.1463842
0.6921919
1.2751615
1.2484415
2.8464367
2.4484522
1.5306313
1.3683541
2.867015
2.1283154
2.2079537
1.9363899
0.9754589
1.2109954
0.9495061
1.4053104
1.6628258
1.9106729
1.0360143
2.4115696
2.4866936
1.5972898
1.5969045
