-0.981037
-0.9979617
-0.20857267
-1.6351151
-0.931124
-0.20920296
-0.20229504
-1.0876067
-0.7267367
-0.6615901
-0.26098657
-0.7733094
-0.68546987
-0.54911184
-0.6880335
-0.14221509
-1.0010208
-0.40825307
-0.48683724
-0.6458605
-0.20291452
-0.85939014
-1.088857
-1.1366687
-1.0244887
-0.22470516
-0.5779168
-0.42754796
-0.34654468
-0.96895325
-0.3057152
-1.1050457
-0.7543728
-0.15015483
-0.5958516
-0.8889175
-0.5744597
-0.6606743
-0.99421036
-0.1229351
-1.0704699
-0.16826108
0.3169032
-0.17937349
-0.26553464
-0.94081837
-0.8831837
-0.32543597
-0.6617901
-0.8883888
-0.8525811
-0.9654158
-1.0395199
-0.7281511
-1.5784737
-1.1996819
-1.2789265
-0.5414764
-0.06977542
-0.4937836
-0.56343454
-0.5108106
0.39684778
-0.4600887
-0.96902657
-0.5100949
-0.37479997
-1.409332
-1.0822521
-0.8529324
-0.65415746
-1.162711
-0.817205
0.23272936
-0.78396183
-0.9785894
-1.2043442
-0.54584694
-0.95114994
-1.016578
-0.9479868
-0.62847596
-1.2351394
-1.3110805
-1.3453652
-0.7096485
-0.81258994
-0.80488044
-0.83014524
-1.1518569
-0.62373877
-1.4827543
-1.2042058
-1.047428
-0.9503987
-1.2468668
-0.67289376
-0.9132174
-1.0790155
-0.46722507
-0.6152965
-0.65592283
-1.2020804
-0.9671458
-0.78437257
-0.9235063
-1.2906818
-1.0505486
-0.86205524
-0.7440103
-0.21594661
-1.3881457
-0.90439737
-0.09938442
-1.1294364
-1.2999499
-0.9632469
-1.2506144
-1.4701489
-0.15331212
-1.2682127
-1.1767477
-1.1571224
-0.5185403
-0.71199936
-0.36525166
-0.79120463
-0.75862294
-1.0543885
0.030724688
-0.972142
-0.8194691
-0.9803349
-1.2008234
-0.7769354
-1.1743691
-1.0952064
-0.35557714
-0.7226382
-0.5080321
0.344684
-1.0324978
-0.32821497
-0.8547933
-0.9627297
-0.6384689
-0.55623657
-1.0129476
-0.56968313
-0.5978919
-0.82078093
-0.4503869
-1.3204532
-0.8784553
-0.5736503
-0.6082655
-0.6726326
-0.928408
-1.0536286
-0.8557676
-1.2010893
-1.1346021
-1.4030545
-0.95463943
-1.0455618
-0.73144776
-0.7872735
-0.4457955
-1.005598
-1.270456
-0.6739133
-0.5787792
-0.85224533
-1.1837839
-1.2141148
-0.7927736
-0.7672588
-0.3798502
-0.54672587
-0.4652326
-1.0691088
-0.69900006
-1.1148903
-0.65317065
-0.8112242
-1.0026221
-1.5964245
-0.65086937
-0.66091496
-0.6704369
-0.6337011
-1.2078065
-1.308643
-0.6869524
0.03395179
-0.46125117
-0.67666507
-0.4636973
-0.7555515
-0.54735094
-0.41737214
-1.5382835
-1.2502613
-1.2338837
-0.27538586
-0.8085705
-0.4887563
-0.7614395
-0.5771512
-0.5284279
-1.2208514
-0.82561594
-1.1297569
-1.0447457
-0.33615527
-0.74935305
-1.0597516
-0.98532814
-0.9875
-0.71775985
-0.9643699
-1.058692
-0.0001918135
-0.9599817
-0.95985806
-0.5705774
-0.7412648
-0.6622352
-0.6554719
-1.169744
-0.7325831
-0.8880278
-0.85948634
-1.4075015
-1.5262166
-0.8245111
-1.2158827
-0.91470283
-0.6651239
-0.35378036
-0.3552249
-0.30034706
-0.23123914
-0.70553756
-0.53393865
0.4480709
0.12839635
-0.89591736
-0.5248124
-0.40215954
-0.18603046
-0.0816091
0.12717283
-0.32499862
-0.55019295
0.0655197
-0.73297364
0.1484638
0.047573894
-0.18009372
0.39167976
0.20048696
0.67439854
-0.29987505
-0.53477293
-0.33850253
-0.0677115
-0.12140275
-0.72831494
-0.6568487
-1.5438944
-1.0854115
-0.49297822
-0.40022737
-0.9964361
-0.7654416
-0.39251193
-1.0902351
-1.2387351
-0.7664663
-0.8310499
-0.9650962
-0.20609161
-0.58450246
-1.153356
-0.7878751
-0.84442943
-1.1665411
1.0351403
0.49863958
1.0183611
0.25717154
1.2536721
0.703769
1.4394194
1.2096198
1.1671693
0.78150886
0.9194681
1.1630338
1.2180772
0.88522106
1.2033938
0.92526543
1.2900926
0.96457803
1.1275823
1.2424029
1.0753807
0.900914
0.82979727
1.348236
1.055819
1.1155034
0.7221402
1.024506
1.0264955
0.3983057
1.0243807
1.5276666
0.9775898
1.2395719
0.7386046
0.78472674
0.98602885
1.0164388
1.1335984
1.1063106
0.542793
1.6071689
0.9492704
0.829491
0.78001535
1.8748986
1.4516772
0.6061732
0.9982573
0.3677111
0.6022132
0.8490889
1.7472101
0.8653809
0.56999946
0.15866809
1.0221719
1.3131988
1.5675352
1.117357
0.97026384
0.42031935
1.2456105
0.81885207
0.51000965
0.73706084
0.40607464
1.0018747
1.1621251
0.5467758
0.9175535
1.6928488
0.6999931
1.1637237
0.7120196
1.0789602
1.3370054
0.49867675
1.092427
1.2104728
1.1991081
1.304338
1.7940068
0.8063262
1.49148
0.44270468
0.8371612
0.7520653
0.9730621
0.86533695
-0.020761423
0.8202849
0.88163096
1.7468798
1.7388115
1.1791549
1.3074454
1.514313
0.5845895
0.88186616
1.1459873
0.98404557
1.257391
0.7286954
0.6882553
1.1380633
1.4121354
1.1132612
0.81836754
1.0332698
1.5549302
1.1329391
0.7401339
1.4311616
0.3294114
0.7901932
1.1718373
0.7146151
1.236341
0.6192505
0.9709905
0.5765716
1.1257396
0.6363397
1.024097
1.1778682
1.1761466
0.80521023
1.3883135
0.30206835
0.81186527
1.5540941
0.19349617
0.69352335
1.7636585
1.2362648
1.0513098
1.5218095
0.6901649
0.8014928
0.71961457
0.8113266
1.3772945
0.634612
0.93968105
0.8240911
1.4331257
0.42050877
0.49620056
1.3385534
1.3412966
1.1708487
1.2792541
1.4644268
0.82255286
1.2646595
1.385587
0.32934934
0.9364144
1.6301725
0.78282195
0.07459954
0.8099061
1.0494378
0.8595466
0.86132634
0.32436043
0.5845211
1.6870425
1.2710278
0.7300255
-0.0625405
1.3278522
0.7225821
0.518183
1.0842745
1.534222
1.4227842
0.23033611
0.67938256
0.90017784
1.0065461
0.84386575
0.75289494
0.4487885
0.39052415
0.4719863
0.23860699
0.5856405
0.5354598
0.9139981
0.27837202
1.7856193
0.8848542
0.67178583
1.4511545
0.80440944
0.25540772
0.9290122
0.7141685
0.24125116
1.2226115
0.5185343
1.0861769
0.27178028
0.22637138
1.4342867
0.92681193
0.66794044
1.0403246
0.78736854
1.0179906
1.3000654
0.76438916
0.36707434
1.1176964
0.81704646
1.1085981
1.0639848
1.1265832
0.21827126
0.5265215
0.7114403
1.2678746
0.64769834
0.6452583
0.520996
0.7551879
1.0331768
0.91542166
0.8378656
0.75547856
0.8552791
0.33286318
0.9611022
0.7616565
0.8138741
1.1192777
1.0411874
0.44469416
0.60855275
1.3797995
0.8750995
0.52692455
0.655676
1.1901343
0.5446641
1.8948249
0.51034546
0.36788717
1.0419958
0.79365325
1.1491235
1.56877
0.85596913
0.5892623
0.3079249
1.3108422
0.1861172
0.38748676
1.4836859
1.1652637
0.7391705
1.6297989
0.94200456
0.32491824
1.1934875
1.1350948
1.4690793
0.8394254
0.07338566
0.6790648
1.1947216
0.53250587
0.33491173
-0.051127426
0.7893278
0.6810431
0.6804865
0.71700746
0.54868305
0.8956646
1.0697625
0.32556853
0.9763639
1.1989634
0.24385679
0.815134
0.39534992
1.111978
0.63977486
1.3760945
1.0145309
1.1816484
1.5333024
-0.031355023
0.9547396
0.9921727
1.3236421
0.6488761
1.1935055
1.3028815
1.0805613
0.73802125
0.7112075
0.6173657
0.5796143
0.4187054
0.2578746
0.6841637
1.7930956
0.2124015
2.0348868
0.68720955
1.3974338
1.4692662
0.39274946
0.95736784
0.8505332
1.2733624
0.50219774
0.6178286
1.1068352
0.7449828
0.4543426
-0.10885296
-0.07723557
0.10340476
0.99403906
0.7714955
0.5093179
1.2774758
1.0115765
0.5182976
1.1633508
0.2865507
1.2841563
1.3063741
1.9903872
1.2166823
1.4409662
1.4911722
1.2963889
0.95204127
1.5637162
1.179815
0.4791094
1.0358182
1.6872741
0.525996
0.6479471
1.3640141
0.11062614
0.4132437
0.593068
0.5828712
1.4007205
1.219472
0.22800499
0.8180112
0.9856581
1.0910544
1.1377307
1.2163583
1.0205379
0.95285755
0.92203873
0.5979965
1.0781072
0.68758947
0.8082006
0.59731215
0.5394936
0.48526633
0.8537773
0.78105116
1.0094234
-0.12476721
0.45870197
0.4516741
0.94552684
0.8844313
1.1388528
0.17130078
0.9040283
1.1199763
0.7771774
1.0320733
0.73489803
1.0390027
0.9981624
1.031781
1.0842842
0.25226602
0.46795127
0.8315861
0.5725404
0.7825132
1.14205
1.1853414
0.34508866
0.2925325
1.2620391
0.21343471
1.0700312
1.3193733
1.3437076
1.3432952
1.064345
0.80902904
0.98637927
0.98592114
0.9444542
-0.23651394
1.0470356
1.086634
0.9052698
0.78690475
0.2065927
0.87335885
0.7974082
1.0172929
1.2644411
1.0247726
0.80407757
0.28459248
0.69947183
0.8027868
0.77246314
0.6979794
0.46390846
0.8812977
0.8150075
1.5762076
1.0046786
0.27646032
0.74477947
0.786475
0.6098385
0.37892607
0.4519737
0.90033513
1.3927338
0.5462135
1.3395278
1.2605441
0.12788735
1.1189297
0.8164424
0.3624867
0.22214657
1.3054014
0.94277596
0.96419096
1.0014051
0.36421964
1.0473202
0.9333198
1.2462479
1.4109291
0.38471368
0.35465318
0.44524288
0.8178592
0.17506371
0.9813769
0.63492924
0.4440778
0.29689106
0.41003543
1.7071221
0.22340272
0.7409397
0.6663567
0.8142962
0.4401066
0.73356754
0.80790967
0.9021837
0.9093684
0.828287
1.1685486
0.4266491
1.1908026
0.63596296
0.7744579
0.76850414
1.4324493
0.018263634
0.5602069
0.56387633
0.797021
1.2404548
0.2985823
1.6940999
1.3243954
1.4803454
0.763815
0.67081225
1.1448987
0.6105626
0.3827007
0.9511078
0.43851343
0.7746694
0.78408164
0.6046211
1.0413252
0.8139893
0.67029124
0.1417636
1.0593846
0.77201
0.94099915
1.0818942
0.8331356
-0.038235437
0.32061806
1.6330968
0.95415735
0.97444904
0.32256213
0.83945394
1.0888686
0.9681768
0.7771456
0.83885485
1.130056
0.7605992
0.7869988
1.1160656
1.1961129
0.5998914
0.66895264
0.43502688
1.0968925
1.3492637
0.54319894
1.3986759
1.2848245
1.2728635
1.1053423
1.4472675
1.0165758
0.92198753
0.7803677
0.86841536
1.4755753
0.43750858
0.7538074
1.5851519
1.2091823
0.38027862
0.6986223
0.77875525
0.58396345
0.62750983
0.97734463
1.2221767
0.19408743
0.8106274
0.7619337
0.32187104
0.525636
1.1039284
0.4600857
0.07970876
0.9142779
0.6368366
0.5812533
0.9340688
0.8983713
0.6035648
0.443986
0.8734028
0.7118349
1.3630164
0.73345864
0.95066065
1.1016755
1.0380423
0.67317116
0.6383677
0.7208033
1.0876881
0.9947198
0.6629235
0.78444916
0.5222802
0.6095996
0.936015
0.030536264
0.16005239
0.46022502
0.6701996
0.9018655
0.9163631
1.0016317
0.0648092
0.7439512
0.35822505
0.5640871
0.5299195
0.9649395
1.1132745
0.7252352
0.2584863
0.25317553
1.0600473
1.0259886
0.25270146
1.1297998
0.38851783
1.1252626
1.3643627
1.7200305
0.787028
1.1435899
0.9539391
0.90607685
0.6321352
0.7924261
0.69659585
0.6396436
1.550032
0.831587
0.5083127
1.1103802
1.2768805
0.728373
0.7326021
0.95526123
1.0655234
0.7205213
0.49691424
1.1376212
1.4680783
1.0401038
1.4447563
0.923238
0.46059912
0.8488458
0.22467479
0.9199264
0.8373957
1.0174564
0.9112048
0.90357053
0.77910197
1.1242115
0.47003493
0.7183862
0.90974617
0.83506113
0.4551352
0.86109185
0.28214633
0.68935394
0.46092498
0.7318845
0.541274
0.31223056
0.5912151
0.615349
0.4267673
0.40527955
1.3032383
0.4181689
0.6036309
1.1987878
0.175553
0.44101295
0.2655313
0.36531898
0.68677413
0.80197173
0.8561605
0.74900854
0.9275213
0.18638076
0.6290529
1.0328485
-0.18822736
0.23119882
0.2283789
1.1241037
0.21625982
0.86348546
0.7987947
0.7299426
0.42689684
0.3559962
0.7723657
0.7970505
0.6048573
0.7709979
0.60807014
0.62558365
0.6550791
0.5004779
0.5428918
0.83801144
0.67226267
0.55014056
0.80000365
0.6551856
0.69728345
0.12870234
0.87420696
0.97787213
0.9527583
0.419352
0.5834207
0.7364281
0.42558056
0.52814794
0.5036391
0.6056402
0.7562062
0.87058944
0.47511747
-0.020834994
0.4563365
1.0241947
0.45204264
0.10225388
1.5331829
0.95426
0.72525257
0.70825756
0.84791166
0.8399031
1.3822193
0.81032014
0.83787256
0.86883175
0.7260677
0.60816616
0.69274175
0.81153387
0.46366102
0.4353129
0.57710546
0.15225792
0.78636867
0.45338377
0.7152039
1.1561533
0.9039633
0.29337475
0.8766737
0.9100566
0.74982834
0.71603984
0.8262456
0.9943375
0.7435042
0.4543275
0.94131464
0.82962483
0.8764153
0.8444611
0.86068255
0.69097483
0.69431585
1.0501266
0.96465904
0.21341576
0.8345891
0.83651924
0.46599802
1.2078046
0.6494788
0.29452553
0.8413273
0.40282375
0.46326417
1.1321998
1.5660874
1.0448408
0.5412487
0.4877982
0.7057431
0.08231637
0.8756626
-0.0533994
0.44499916
1.2512894
0.26502308
0.7536689
0.86448365
0.5490745
0.7584782
0.8323645
0.6191339
0.715492
0.58801144
0.80711395
0.7584782
0.8533906
0.7178276
0.6026847
0.51587456
0.717898
0.29454377
0.51966923
0.18187378
1.1485825
0.41177592
0.6406053
0.87355965
0.90302044
0.6066872
1.0065752
0.87021106
0.64828485
0.90529174
0.36364248
0.6177557
0.9660024
1.1738939
1.3273082
0.7028046
0.8063476
1.473448
1.4125935
0.6006799
1.1964996
0.8517451
1.3226268
0.7961711
0.73982257
0.8454271
0.44276333
1.1308233
1.4486848
1.2705761
0.6278925
1.0576937
0.97706234
0.9120135
0.7728909
1.0774324
0.82204986
0.8460169
1.6545568
1.0880557
0.9258077
0.86026824
1.1230891
0.42180526
0.35495684
0.6134432
0.41015425
0.2608509
0.18245988
0.052965984
0.56583303
0.27976578
0.666835
1.0672832
0.317134
1.357452
1.2286018
1.1989459
0.8047409
0.9161763
1.0101382
1.1022459
0.18844189
0.8139454
0.38857043
0.021098303
0.25867417
0.36640826
0.9515382
0.5688678
0.96324396
0.7995738
1.1673311
0.2649923
1.1525555
0.45613098
0.5475235
1.3256892
1.3130676
0.311323
0.7329876
0.3359924
0.59481066
0.6444299
1.0015846
0.13526128
0.37297857
0.44963297
0.98457
0.56542987
0.52588737
0.7594099
0.85723597
1.3401487
1.0394878
1.0630385
0.66677845
0.83618975
0.57823163
1.1291158
0.9799737
1.1098449
0.7937446
1.4327697
1.0767932
1.061516
1.2690902
0.8052634
0.9283298
0.73469067
-0.013939854
0.4243305
1.4029436
0.9930963
0.9913448
1.5128182
0.7835969
0.76484257
1.13422
0.79799795
0.5612241
1.2976735
0.46919414
0.3582104
0.6619047
1.0140935
0.25825167
0.6061507
1.0809296
0.8804917
0.5860952
0.49978623
0.26073268
1.0584456
0.5506372
0.99570733
0.6761419
0.4231596
0.28643164
0.7148995
1.0440384
0.59534425
0.94633615
1.0289763
1.7720575
1.4204811
0.752919
1.9414674
1.3080211
1.1735823
0.39015013
0.5960286
0.5556563
1.8679957
0.9656597
1.0575179
0.6330622
0.9034421
0.87959915
0.83977884
1.8239534
1.1998118
1.9326181
0.5062395
0.37872404
0.50474983
0.7734713
0.31808653
0.32851732
0.545232
0.55681455
0.03131891
0.8113417
0.7917631
0.5300092
0.89601886
0.65873903
1.1783805
0.6380861
0.9013533
0.98614717
0.5589513
0.8238157
0.45625246
0.40797928
0.43391404
0.3594798
0.6441053
0.35504022
1.2688702
0.5926239
0.5418032
0.8781143
