-1.1667333
-0.42606258
-0.5363164
-1.0222096
-1.1991539
0.10348678
0.11552858
-0.30755234
0.39506102
-0.090562105
0.28515625
0.039250847
-0.5027108
0.6329553
-0.19711924
0.7865634
-0.92199326
-0.2589016
-0.68652344
-0.1551857
0.011165139
-0.4586401
-0.34575891
-1.3392105
0.4355719
0.6972194
0.65236473
0.27467895
-0.59755087
-0.6951909
0.08077073
-0.3452735
-0.17460108
0.056641098
0.38834667
0.0812788
-0.11648297
-0.17521572
-1.3303905
-0.13257122
-1.1079512
-0.7806592
0.036832567
-0.45830536
0.66036224
-0.77670336
-0.20462632
0.3066566
0.39307404
-1.6263161
-0.78014517
-0.8085389
-1.0524678
-0.8580022
-2.1690526
-1.0455413
-1.0571098
-0.24082518
0.4720776
-0.9635563
0.20685124
0.23773146
1.0810533
0.047468897
-1.8370323
-0.50961447
-0.4839487
-1.817101
-0.8178997
-0.9426403
-1.0140915
-1.0869732
-0.7721977
1.1010377
-1.5996118
-0.6833315
-1.3916559
0.6653826
-1.0666728
-1.5301781
-0.6940627
-0.392529
-0.009742978
-1.3162866
-0.77377224
-1.1033349
-0.47389698
-1.2767372
-1.1071978
-1.1400256
-0.5866518
-1.6928763
-1.233563
-0.79239225
-0.80974054
-0.47996187
0.17161417
-1.502418
-1.1873665
0.06615305
0.3618157
0.54346514
-0.8790264
-0.5045848
-0.54137516
-0.56043625
-0.93422174
-0.93448067
-0.65968275
-1.1039491
0.8257723
-0.02966452
0.017978664
0.811219
-0.9316964
-0.36773634
-0.6822276
-0.83057356
-1.3247113
0.30804515
-0.22187376
-0.4812045
-0.3427744
-0.1662507
-0.23718166
0.32600617
-0.10840249
0.44661903
-0.84161854
-0.1833992
-0.70699644
-0.31292677
-0.8296094
-0.49595547
-0.37655735
0.26574564
-0.25659227
0.13628411
-0.3390937
0.13910317
1.0786791
-0.6588874
-0.47401953
-1.2711687
-1.229507
-0.5007496
0.32929587
0.017019745
0.49396062
0.15132928
-0.97544575
-0.027333979
-0.48720932
-0.20835781
0.55241656
0.83525777
-1.049026
-1.355988
-1.2772398
-0.7988906
-0.84716845
-1.4962845
0.16161609
0.7060971
-0.59317493
0.2426107
0.5268588
0.38427973
-0.41593647
-0.6038146
0.09214115
0.6272435
-0.34462023
-0.30256128
-0.66388273
-0.8855562
-0.7765274
-1.1041341
0.020153519
-0.2913375
0.66677046
-0.7491574
-1.7378597
-0.05804682
-0.7137914
1.0467436
-1.1510906
0.029880043
-0.1355989
-0.27513838
-0.7849989
-0.91091824
-0.40538025
-0.51428795
0.76466656
0.043107267
-0.6881008
-0.39557695
0.0074262586
-0.039908174
0.88510513
-1.6140809
-0.10719657
-1.5556955
0.24826097
0.066339254
0.23093271
-0.2401681
-0.24083757
0.548049
-1.5926104
-1.000885
-0.27504873
-0.22595692
-0.008181098
-0.15141177
-0.5058732
-0.596436
-0.14297152
-0.6450567
-1.1292982
-0.71591806
0.18503308
0.54800653
-0.38440275
0.4241414
-0.8708663
0.0349822
-0.3793249
-0.87358665
-1.0320263
-0.88614273
-0.7439866
-1.0769067
-1.8752618
-1.448225
-0.6499853
-1.0200543
-0.18575144
0.5474405
-0.18555212
-0.28216887
-0.3067112
0.2322824
-0.49730253
1.8983581
1.1902895
0.08535004
1.348906
0.37899137
0.23992014
0.63395
0.34322166
0.29839063
0.5355847
0.4507594
-0.7404022
0.49489903
0.14675975
1.3903165
1.1581092
-0.21564269
1.544368
0.22959471
-0.3093872
0.12869024
0.60762644
0.3066988
-0.8384805
0.021899696
-0.8462324
-0.12643361
0.94890857
-0.7213712
-0.1806624
-1.062057
-0.36215305
-0.2493186
-0.06826949
-0.45136786
-1.4468765
-0.8329153
-0.009533885
-0.9971442
-1.2372589
-0.8603277
-0.2694621
-0.6082611
2.29534
0.6839087
1.6312864
2.0888848
2.2702084
2.063722
1.9309751
1.8969461
1.4096575
2.6888647
1.2420876
0.6636658
1.773577
3.4954317
2.3375888
3.9210162
1.9148507
2.15488
2.229229
1.8578994
2.4624863
1.3793125
2.0884492
1.4782624
2.8458443
2.020725
0.66323495
1.880504
1.4563172
1.8553851
1.8447747
2.5166183
1.9203584
2.9559724
1.7887113
1.2675002
1.5213282
1.3081002
1.7413948
1.8280824
1.3815603
2.027564
1.9913863
2.5534525
2.4949088
2.521191
1.8579153
1.8822246
2.412243
1.6658332
1.4946
1.2356896
2.121701
1.8298687
1.6304338
2.4450314
2.5101666
2.2565947
2.1840625
2.4604244
2.605913
1.790224
1.2723479
1.1827459
2.5038261
2.0141542
1.2475796
1.5272603
2.7348282
0.6146996
1.8126855
2.781777
1.926944
2.0405946
1.796436
1.8897152
0.7582388
2.3885903
2.7703092
2.922309
1.5940661
2.9255145
1.9623595
1.8736098
2.3801625
0.9871106
1.6774838
1.2073362
1.9307353
1.1875379
2.3382068
1.4826374
2.7753103
0.88031816
2.77373
0.89488363
1.1064174
1.8276638
1.3285747
1.3093104
1.6305988
2.59931
2.159238
1.6534841
2.1787157
1.2022433
1.1962461
-0.19299507
2.7766147
0.76609015
1.4171753
0.80650234
1.8075582
0.7185633
2.3335125
1.3858061
1.2459407
0.2560265
2.1174595
1.4706299
1.8508241
1.6674998
-0.0012528928
2.012679
1.2909148
0.88353753
1.3368053
0.7563324
0.9947324
-0.43469858
0.9525058
2.8747933
1.6027191
1.5265808
0.8424554
1.2003298
1.7918603
1.297648
1.4288771
1.8626701
1.4702988
1.604882
1.0359874
1.9467841
0.6870146
1.6711326
2.025655
1.9513203
1.9263991
1.7201219
2.1452188
1.6587651
2.5176423
1.8554796
1.8824885
2.3057733
1.4261248
1.876663
0.39415836
1.2504828
0.46773267
1.7103031
1.373424
0.9328966
0.5981717
1.982232
1.1224909
1.0943582
2.6855352
1.4268477
1.6944356
1.0719268
0.8661001
0.9516597
1.2842617
0.6612494
3.2799256
0.7667656
1.27141
2.2152884
1.5440667
0.9287944
0.50322056
1.7219481
3.9786115
0.12269211
1.7173724
1.381397
1.7818203
0.8129709
2.0034134
1.7622199
1.6510351
1.8723376
1.3748868
1.3189843
2.1250627
1.315037
1.6258266
1.6422074
1.1990197
1.6479445
1.2310803
1.0335562
0.85511374
0.9904897
0.978528
0.61785436
0.44732904
-0.15091634
2.0512297
1.3953097
1.6341794
1.3206561
2.9806511
1.6183946
1.8480572
1.5661347
1.6092787
1.8888279
1.3374422
2.3636942
2.1925893
1.433773
1.2017319
1.1395977
0.7108586
0.5524349
1.4286687
2.0006385
1.9071891
2.0532794
1.1955972
1.9167078
0.54678345
1.4369891
0.78060246
2.3195019
1.8197981
1.5067632
0.62365556
2.3126342
1.8721093
-0.2730651
2.6346023
1.3512454
2.2302403
2.5670025
0.9939461
1.6646934
1.9151859
1.0904689
2.500767
1.3882134
1.3502011
0.89445066
2.1271515
1.4978175
1.8216501
1.4878416
1.5564797
2.4093807
1.1529632
2.905159
1.2942126
2.5408468
1.1351256
2.6775897
0.7375884
2.3157494
1.7673388
1.1066899
1.788314
0.5390494
1.6716087
1.3166347
0.416394
1.1938713
0.8980348
1.6557648
1.7389534
1.851855
2.6174612
1.0706377
1.3597717
2.7547636
1.1643584
2.0273898
1.7544549
1.7303996
1.4137912
1.3734591
3.4734828
0.73250675
2.006014
1.673593
1.867596
0.111793995
2.0112615
1.8442367
1.8744599
0.75740194
1.571223
0.9055402
1.7694829
2.3081002
0.83872557
0.59071684
1.5657222
0.3286457
2.4929879
1.9534361
3.770581
1.534977
1.269623
1.7250268
1.5687201
1.2045381
1.2912652
1.4823833
0.5975151
0.45879292
0.92167807
0.19489431
1.7546213
0.43237877
1.5012529
2.0482166
-0.031450275
1.3827915
1.3900423
1.0219381
1.3444085
0.9296999
1.9356043
1.9443746
2.402616
1.6834729
1.8969603
2.0707731
1.1619453
2.385946
3.04532
1.2477415
1.8102151
1.711751
2.3339436
2.1990712
2.1766725
2.8658018
0.7308574
0.88716006
2.0455694
1.3517809
0.9300797
1.0272019
1.0403345
2.941923
1.0674913
2.812874
1.0556026
0.99184465
-0.3750162
1.1299443
0.8833637
1.953275
0.4875698
1.4285216
1.1653287
0.7975714
1.3398573
-0.012885573
1.0747328
1.2267864
2.0012941
1.9459391
0.9562547
0.2925613
0.721164
1.7096834
1.2327697
1.3627629
2.3316717
1.1803887
1.0989327
0.56765485
2.753378
1.9304702
1.0543633
0.74322677
0.5488553
1.7352331
2.1865585
1.7467823
1.1705968
2.5358484
0.8611245
1.2204463
0.24299383
1.5014431
1.6382225
1.7427084
0.74818325
2.3004708
1.6769416
1.6141405
1.7163725
2.0896914
1.7269266
1.5893543
1.8694376
0.55719566
1.8168848
1.6116931
0.025202986
1.8526298
0.5995307
0.32470822
1.9088885
1.6489582
1.4295168
2.541906
2.568734
2.0459266
1.6695759
1.4985931
2.6061387
1.0496538
1.8920872
1.4896581
1.2449365
1.8819863
1.0718071
1.2505071
1.5018001
0.40281558
0.6737995
1.9391198
1.441267
0.6726849
1.9268403
1.7555621
1.8652763
2.3410912
1.2588725
2.8318105
1.6333532
0.7152016
0.67574835
1.6940081
2.4603772
1.5653839
1.4395063
1.3719342
0.9932494
1.78162
2.12978
1.3336594
1.6033955
1.8637794
0.7106025
1.0405924
0.7899494
1.6437478
0.78479457
1.0848384
1.1569519
1.4235163
0.8757763
1.7439427
1.2326183
1.9161459
1.1348963
1.3676074
2.0560014
3.4440231
3.6112666
1.2727184
1.0795717
1.1229038
1.5447166
0.97840023
1.4077058
1.6400397
3.1442413
1.0692277
1.1589727
1.6025808
1.5855122
1.5756831
1.4642532
1.5852056
0.85843277
1.305623
2.6342301
1.4920118
1.3417213
2.336953
1.7506137
0.8947618
1.277643
1.7798064
1.4365804
1.1304715
1.9520016
2.4731152
1.1889968
1.2053163
1.6597505
0.799
1.3670628
1.2083688
1.6397634
0.8417659
0.9788096
1.7276616
2.1432166
0.35754704
0.7050905
1.4056091
0.089160204
1.670939
1.362474
2.0074315
0.66086435
0.9316366
1.2960398
0.83335996
0.8234582
1.5583763
0.46785784
1.414958
1.9169962
2.0550334
1.2831745
1.6332545
1.1604128
1.2744396
2.2159445
3.060696
2.3289337
2.4499574
1.7903202
0.99822783
1.4024398
1.6504793
2.1917903
1.0598221
0.93764234
1.1165614
1.7827384
2.0207787
0.68517494
0.89311504
1.9718994
2.1068041
-0.18280292
0.68169665
1.4373815
1.2098339
1.6509488
1.4438155
1.5430295
1.7443871
1.6650836
1.7537739
1.1775568
2.646456
0.5995648
1.181695
1.4095192
1.2813256
2.1974943
0.9788296
1.1627092
2.0973125
1.8985932
1.1579075
1.9737499
1.8000573
0.13194919
0.23489976
1.2370322
1.3356032
1.6219075
2.3881817
1.8457439
1.0226164
-0.3250594
2.3569744
1.7321422
1.0881186
1.7053156
2.2763765
2.1690545
0.94005895
1.732759
1.2691019
0.5993326
2.6095185
1.3924499
1.65769
1.8251916
0.74219155
1.340862
1.7259665
1.8704439
1.8550333
3.3210979
1.2022941
1.2755017
0.99854183
1.7406976
1.3132894
1.462019
1.1062737
2.2712002
2.1374524
2.0694895
1.4898345
1.5171089
2.2789648
2.1789556
1.5797961
1.5616677
2.1212273
2.2466674
1.7550423
1.5168235
1.5563796
1.5095208
1.9162515
1.8880204
1.8547466
2.793936
0.90079546
2.0063875
2.3833895
1.9118464
2.6730068
1.7638247
1.2112474
0.73828673
2.4845586
1.5078084
2.325189
1.6428742
2.480893
1.3376594
0.5726867
1.956536
2.3889468
2.0646567
1.617805
1.0412817
1.5010533
1.2996838
1.320061
1.8217584
0.54372764
1.5785308
0.69777393
0.99584794
1.6509724
2.1147907
1.0024257
1.750097
0.6670158
1.4209149
1.1841245
1.2668028
1.7151117
1.5318048
0.99027824
0.93753886
1.3866699
2.1079488
1.0455251
1.6881883
1.4526272
1.5125811
0.64338684
1.187021
1.4580398
1.0806899
2.4358807
2.9886825
1.2019801
0.34886956
1.3130949
0.932004
1.1904321
1.735915
1.1213484
1.4232993
0.98893
1.5226095
1.3210597
0.9420388
0.8240826
1.7634704
0.48975873
1.9426792
1.134759
2.5910525
0.920305
2.5403614
1.2365038
0.99599314
1.3794038
0.65934944
1.0247397
1.7189658
0.9016838
0.64819074
2.5370224
2.3354766
0.9355583
2.172712
1.3339331
2.1590874
1.8935242
1.0079608
0.6265166
0.77482796
1.0893414
1.71263
1.2606599
2.3543463
0.8220537
1.9634763
1.7165971
0.92837787
1.3236711
2.2920768
1.448019
1.2185843
0.9862809
0.6419325
2.488936
1.5786779
0.56654906
1.2710466
1.4749513
1.2637153
1.301234
-0.083956
0.30855083
1.4127405
1.2286625
1.8335822
0.9312105
1.5299861
0.65545344
1.8725463
2.0516198
1.3074048
1.4026828
2.203062
2.2139053
1.3214159
0.2749827
1.3701451
1.8445725
1.6804295
1.4277093
1.4083929
1.6616764
1.1748469
2.1960168
1.8286234
1.8822325
1.6420422
1.3076432
1.7393165
1.935799
1.0422974
2.3193252
1.3470509
1.7952032
1.1262851
1.6245687
1.2922282
2.6911805
1.4899831
2.1493988
1.3158994
2.02886
0.7940943
1.4885921
1.8144109
1.5579398
1.1877217
1.8532848
0.93209887
0.9827337
1.4397404
1.8890045
1.8894902
0.96153545
1.616416
1.0306389
0.9996898
0.425241
0.8357899
1.5833573
1.4774592
0.9045286
0.4177811
1.810749
1.883118
2.0886106
1.3348525
0.9736836
1.4127083
2.2810223
1.6065955
0.8051286
1.1876831
1.5175061
2.2761931
1.3232057
0.959733
0.6274879
0.84663725
2.190255
0.7254598
2.136854
2.6435432
2.3665223
1.4604497
1.2319691
2.5261106
2.4745386
1.2027678
2.272647
1.6767001
1.6941121
2.491731
1.0556984
2.7558453
1.0074584
1.0847676
2.9715815
2.1374621
1.2605398
0.72417235
1.6209257
2.212702
2.3964686
1.5644171
2.185667
1.3272705
1.7461152
1.2418811
1.6910763
0.49713826
0.78476405
1.8862877
1.354368
1.5643477
1.8214512
1.4399798
0.6431358
1.668087
1.6764169
2.64683
1.5786927
1.6780648
2.5220606
2.3311017
1.2346258
1.381223
1.2315738
0.5962279
1.2760401
0.92207766
0.10638332
1.7122941
0.06194472
1.4023068
1.5189066
1.850065
1.8663703
1.818292
0.58193326
2.0684965
1.1808109
0.8608329
0.5988238
1.241169
0.7961874
0.4307475
1.7104592
1.687747
1.0039346
1.6608582
1.6551659
1.6091602
0.8047106
0.08579731
2.2188509
1.5723422
0.86528873
1.1807938
1.8517289
2.2684793
1.9158089
1.8387369
1.967916
-0.29533672
0.72599006
1.0129757
1.4944623
1.0716505
2.0004172
0.8566179
1.3037796
2.006851
0.6313009
0.9586117
0.1644392
2.024329
2.7052357
0.9132123
1.5941334
0.73386645
1.0196445
1.4621267
2.0881896
1.0019274
1.3990781
1.5352156
1.8892132
1.0405471
1.8137655
1.7163079
0.08106637
1.662596
1.2753279
0.7856481
1.1323526
1.5374255
1.4029789
1.430846
0.9657302
1.8788842
1.4706805
1.6884766
2.1415927
2.0534024
1.5176659
1.8085414
3.4131446
1.4487493
1.5632935
2.1992533
1.4441531
2.6437097
2.376348
1.5179505
1.6595969
2.2274613
1.6212738
2.5064511
3.3161116
1.7859625
1.0749753
1.4013622
1.7374814
1.2242794
1.3086698
1.1355684
1.3447418
0.74203753
1.0067253
1.2483573
1.4603701
0.6853366
1.1346109
0.8154352
1.9389188
1.6007578
1.1612201
0.9940913
1.9394749
1.29125
1.7506711
1.1558826
0.5000961
1.3483434
0.51913047
0.9623461
1.2858067
1.4078434
0.60612535
1.7823145
1.7159762
1.7580376
1.9072675
